generationMode,facesDetected,facesBlurred,objectsDetected,tokensScrubbedFromTranscript,rawDataTransmitted,pipelineLatencyMs,faceDetectMs,blurMs,yoloMs,sceneClassifyMs,sttMs,piiScrubMs,timestamp
debug,0,0,3,0,false,293.07103157043457,88.23001384735107,58.82000923156738,11.630892753601074,0.0,0.0,0.0,798365104.519869
hybrid,0,0,1,0,false,170.36700248718262,4.01158332824707,2.674388885498047,160.50398349761963,160.50398349761963,160.50195693969727,0.0010728836059570312,798365113.232895
debug,0,0,1,0,false,154.4739007949829,43.44663619995117,28.96442413330078,32.457947731018066,0.0,0.0,0.0,798365453.69123
hybrid,0,0,1,0,false,57.65700340270996,4.671621322631836,3.1144142150878906,46.26905918121338,46.26905918121338,46.266913414001465,0.0010728836059570312,798365456.99676
debug,0,0,4,0,false,34.124016761779785,7.244968414306641,4.829978942871094,9.756088256835938,0.0,0.0,0.0,798365564.259904
hybrid,0,0,2,0,false,40.924072265625,6.10198974609375,4.0679931640625,25.84707736968994,25.84707736968994,25.83897113800049,0.0010728836059570312,798365566.787949
debug,0,0,2,0,false,38.189053535461426,7.773041725158691,5.182027816772461,12.928009033203125,0.0,0.0,0.0,798365663.647246
hybrid,0,0,3,0,false,43.82503032684326,6.478786468505859,4.319190979003906,29.039978981018066,29.039978981018066,29.031038284301758,0.0,798365668.519789
debug,0,0,2,0,false,50.93502998352051,10.16700267791748,6.77800178527832,15.562057495117188,0.0,0.0,0.0,798365820.944328
hybrid,0,0,1,0,false,50.37510395050049,8.178019523620605,5.45201301574707,31.48794174194336,31.48794174194336,31.481027603149414,0.014066696166992188,798365824.921912
